CTA,VIC,VIC2,H,V,SCAN,H_EFF,H_BLANK,V_EFF,V_BLANK,H_FREQ,V_FREQ,CLK,H_FP,H_SW,H_BP,V_FP,V_SW,V_BP,H_POL,V_POL
A,1,,640,480,p,800,160,525,45,31.469,59.94,25.175,16,96,48,10,2,33,n,n
A,1,,640,480,p,800,160,525,45,31.5,60,25.2,16,96,48,10,2,33,n,n
A,2,3,720,480,p,858,138,525,45,31.469,59.94,27,16,62,60,8,6,31,n,n
A,2,3,720,480,p,858,138,525,45,31.5,60,27.027,16,62,60,8,6,31,p,p
A,4,69,1280,720,p,1650,370,750,30,44.955,59.939,74.175,110,40,220,5,5,20,p,p
A,4,69,1280,720,p,1650,370,750,30,45,60,74.25,110,40,220,5,5,20,p,p
A,5,,1920,1080,i,2200,280,1125,22.5,33.716,59.939,74.175,88,44,148,2,5,15,p,p
A,5,,1920,1080,i,2200,280,1125,22.5,33.75,60,74.25,88,44,148,2,5,15,p,p
A,6,7,1440,480,i,1716,276,525,22.5,15.734,59.94,27,38,124,114,4,3,15,n,n
A,6,7,1440,480,i,1716,276,525,22.5,15.75,60,27.027,38,124,114,4,3,15,n,n
B,8,9,1440,240,p,1716,276,262,22,15.734,60.054,27,38,124,114,4,3,15,n,n
B,8,9,1440,240,p,1716,276,263,23,15.734,59.826,27,38,124,114,5,3,15,n,n
B,10,11,2880,480,i,3432,552,525,22.5,15.734,59.94,54,76,248,228,4,3,15,n,n
B,12,13,2880,240,p,3432,552,525,22,15.734,60.054,54,76,248,228,4,3,15,n,n
B,12,13,2880,240,p,3432,552,525,23,15.734,59.826,54,76,248,228,5,3,15,n,n
B,14,15,1440,480,p,1716,276,525,45,31.469,59.94,54,32,124,120,9,6,30,n,n
B,14,15,1440,480,p,1716,276,525,45,31.5,60,54.054,32,124,120,9,6,30,n,n
B,16,76,1920,1080,p,2200,280,1125,45,67.432,59.939,148.35,88,44,148,4,5,36,p,p
B,16,76,1920,1080,p,2200,280,1125,45,67.5,60,148.5,88,44,148,4,5,36,p,p
A,17,18,720,576,p,864,144,625,49,31.25,50,27,12,64,68,5,5,39,n,n
A,19,68,1280,720,p,1980,700,750,30,37.5,50,74.25,440,40,220,5,5,20,p,p
A,20,,1920,1080,i,2640,720,1125,22.5,28.125,50,74.25,528,44,148,2,5,15,p,p
A,21,22,1440,576,i,1728,288,625,24.5,15.625,50,27,24,126,138,2,3,19,n,n
B,23,24,1440,288,p,1728,288,312,24,15.625,50.08,27,24,126,138,2,3,19,n,n
B,23,24,1440,288,p,1728,288,313,25,15.625,49.92,27,24,126,138,3,3,19,n,n
B,23,24,1440,288,p,1728,288,314,26,15.625,49.761,27,24,126,138,4,3,19,n,n
B,25,26,2880,576,i,3456,576,625,24.5,15.625,50,54,48,252,276,2,3,19,n,n
B,27,28,2880,288,p,3456,576,312,24,15.625,50.08,54,48,252,276,2,3,19,n,n
B,27,28,2880,288,p,3456,576,313,25,15.625,49.92,54,48,252,276,3,3,19,n,n
B,27,28,2880,288,p,3456,576,314,26,15.625,49.761,54,48,252,276,4,3,19,n,n
B,29,30,1440,576,p,1728,288,625,49,31.25,50,54,24,128,136,5,5,39,n,n
B,31,75,1920,1080,p,2640,720,1125,45,56.25,50,148.5,528,44,148,4,5,36,p,p
B,32,72,1920,1080,p,2750,830,1125,45,26.973,23.976,74.175,638,44,148,4,5,36,p,p
B,32,72,1920,1080,p,2750,830,1125,45,27,24,74.25,638,44,148,4,5,36,p,p
B,33,73,1920,1080,p,2640,720,1125,45,28.125,25,74.25,528,44,148,4,5,36,p,p
B,34,74,1920,1080,p,2200,280,1125,45,33.716,29.97,74.175,88,44,148,4,5,36,p,p
B,34,74,1920,1080,p,2200,280,1125,45,33.75,30,74.25,88,44,148,4,5,36,p,p
C,35,36,2880,480,p,3432,552,525,45,31.5,60,108.108,64,248,240,9,6,30,n,n
C,37,38,2880,576,p,3456,576,625,49,31.25,50,108,48,256,272,5,5,39,n,n
C,39,,1920,1080,i,2304,384,1250,85,31.25,50,72,32,168,184,23,5,57,p,n
C,40,,1920,1080,i,2640,720,1125,22.5,56.25,100,148.5,528,44,148,2,5,15,p,p
C,41,,1280,720,p,1980,700,750,30,75,100,148.5,440,40,220,5,5,20,p,p
C,42,43,720,576,p,864,144,625,49,62.5,100,54,12,64,68,5,5,39,n,n
C,44,45,1440,576,i,1728,288,625,24.5,31.25,100,54,24,126,138,2,3,19,n,n
C,46,,1920,1080,i,2200,280,1125,22.5,67.432,119.88,148.352,88,44,148,2,5,15,p,p
C,46,,1920,1080,i,2200,280,1125,22.5,67.5,120,148.5,88,44,148,2,5,15,p,p
C,47,,1280,720,p,1650,370,750,30,89.909,119.88,148.352,110,40,220,5,5,20,p,p
C,47,,1280,720,p,1650,370,750,30,90,120,148.5,110,40,220,5,5,20,p,p
C,48,49,720,480,p,858,138,525,45,62.937,119.88,54,16,62,60,9,6,30,n,n
C,48,49,720,480,p,858,138,525,45,63,120,54.054,16,62,60,9,6,30,n,n
C,50,51,1440,480,i,1716,276,525,22.5,31.469,119.88,54,38,124,114,4,3,15,n,n
C,50,51,1440,480,i,1716,276,525,22.5,31.5,120,54.054,38,124,114,4,3,15,p,p
C,52,53,720,576,p,864,144,625,49,125,200,108,12,64,68,5,5,39,n,n
C,54,55,1440,576,i,1728,288,625,24.5,62.5,200,108,24,126,138,2,3,19,n,n
C,56,57,720,480,p,858,138,525,45,125.874,239.76,108,16,62,60,9,6,30,n,n
C,56,57,720,480,p,858,138,525,45,126,240,108.108,16,62,60,9,6,30,n,n
C,58,59,1440,480,i,1716,276,525,22.5,62.937,239.76,108,38,124,114,4,3,15,n,n
C,58,59,1440,480,i,1716,276,525,22.5,63,240,108.108,38,124,114,4,3,15,n,n
E,60,65,1280,720,p,3300,2020,750,30,17.982,23.976,59.341,1760,40,220,5,5,20,p,p
E,60,65,1280,720,p,3300,2020,750,30,18,24,59.4,1760,40,220,5,5,20,p,p
E,61,66,1280,720,p,3960,2680,750,30,18.75,25,74.25,2420,40,220,5,5,20,p,p
E,62,67,1280,720,p,3300,2020,750,30,22.478,29.97,74.176,1760,40,220,5,5,20,p,p
E,62,67,1280,720,p,3300,2020,750,30,22.5,30,74.25,1760,40,220,5,5,20,p,p
E,63,78,1920,1080,p,2200,280,1125,45,134.865,119.88,296.703,88,44,148,4,5,36,p,p
E,63,78,1920,1080,p,2200,280,1125,45,135,120,297,88,44,148,4,5,36,p,p
E,64,77,1920,1080,p,2640,720,1125,45,112.5,100,297,528,44,148,4,5,36,p,p
F,79,,1680,720,p,3300,1620,750,30,17.982,23.976,59.341,1360,40,220,5,5,20,p,p
F,79,,1680,720,p,3300,1620,750,30,17.982,23.976,59.341,1360,40,220,5,5,20,p,p
F,79,,1680,720,p,3300,1620,750,30,18,24,59.4,1360,40,220,5,5,20,p,p
F,80,,1680,720,p,3168,1488,750,30,18.75,25,59.4,1228,40,220,5,5,20,p,p
F,81,,1680,720,p,2640,960,750,30,22.478,29.970,59.341,700,40,220,5,5,20,p,p
F,81,,1680,720,p,2640,960,750,30,22.5,30,59.4,700,40,220,5,5,20,p,p
F,82,,1680,720,p,2200,520,750,30,37.5,50,82.5,260,40,220,5,5,20,p,p
F,83,,1680,720,p,2200,520,750,30,44.955,59.940,98.901,260,40,220,5,5,20,p,p
F,83,,1680,720,p,2200,520,750,30,45,60,99,260,40,220,5,5,20,p,p
F,84,,1680,720,p,2000,320,825,105,82.5,100,165,60,40,220,5,5,95,p,p
F,85,,1680,720,p,2000,320,825,105,98.901,119.880,197.802,60,40,220,5,5,95,p,p
F,85,,1680,720,p,2000,320,825,105,99,120,198,60,40,220,5,5,95,p,p
F,86,,2560,1080,p,3750,1190,1100,20,26.374,23.976,98.901,998,44,148,4,5,11,p,p
F,86,,2560,1080,p,3750,1190,1100,20,26.4,24,99,998,44,148,4,5,11,p,p
F,87,,2560,1080,p,3200,640,1125,45,28.125,25,90,448,44,148,4,5,36,p,p
F,88,,2560,1080,p,3520,960,1125,45,33.716,29.970,118.681,768,44,148,4,5,36,p,p
F,88,,2560,1080,p,3520,960,1125,45,33.75,30,118.8,768,44,148,4,5,36,p,p
F,89,,2560,1080,p,3300,740,1125,45,56.25,50,185.625,548,44,148,4,5,36,p,p
F,90,,2560,1080,p,3000,440,1100,20,65.934,59.940,197.802,248,44,148,4,5,11,p,p
F,90,,2560,1080,p,3000,440,1100,20,66,60,198,248,44,148,4,5,11,p,p
F,91,,2560,1080,p,2970,410,1250,170,125,100,371.25,218,44,148,4,5,161,p,p
F,92,,2560,1080,p,3300,740,1250,170,149.850,119.880,494.505,548,44,148,4,5,161,p,p
F,92,,2560,1080,p,3300,740,1250,170,150,120,495,548,44,148,4,5,161,p,p
F,93,103,3840,2160,p,5500,1660,2250,90,53.946,23.976,296.703,1276,88,296,8,10,72,p,p
F,93,103,3840,2160,p,5500,1660,2250,90,54,24,297,1276,88,296,8,10,72,p,p
F,94,104,3840,2160,p,5280,1440,2250,90,56.25,25,297,1056,88,296,8,10,72,p,p
F,95,105,3840,2160,p,4400,560,2250,90,67.433,29.970,296.703,176,88,296,8,10,72,p,p
F,95,105,3840,2160,p,4400,560,2250,90,67.5,30,297,176,88,296,8,10,72,p,p
F,96,106,3840,2160,p,5280,1440,2250,90,112.5,50,594,1056,88,296,8,10,72,p,p
F,97,107,3840,2160,p,4400,560,2250,90,134.865,59.940,593.407,176,88,296,8,10,72,p,p
F,97,107,3840,2160,p,4400,560,2250,90,135,60,594,176,88,296,8,10,72,p,p
F,98,,4096,2160,p,5500,1404,2250,90,53.946,23.976,296.703,1020,88,296,8,10,72,p,p
F,98,,4096,2160,p,5500,1404,2250,90,54,24,297,1020,88,296,8,10,72,p,p
F,99,,4096,2160,p,5280,1184,2250,90,56.25,25,297,968,88,128,8,10,72,p,p
F,100,,4096,2160,p,4400,304,2250,90,67.433,29.970,296.703,88,88,128,8,10,72,p,p
F,100,,4096,2160,p,4400,304,2250,90,67.5,30,297,88,88,128,8,10,72,p,p
F,101,,4096,2160,p,5280,1184,2250,90,112.5,50,594,968,88,128,8,10,72,p,p
F,102,,4096,2160,p,4400,304,2250,90,134.865,59.940,593.407,88,88,128,8,10,72,p,p
F,102,,4096,2160,p,4400,304,2250,90,135,60,594,88,88,128,8,10,72,p,p
G,108,109,1280,720,p,2500,1220,750,30,35.964,47.952,89.910,960,40,220,5,5,20,p,p
G,108,109,1280,720,p,2500,1220,750,30,36,48,90,960,40,220,5,5,20,p,p
G,110,,1680,720,p,2750,1070,750,30,35.964,47.952,98.901,810,40,220,5,5,20,p,p
G,110,,1680,720,p,2750,1070,750,30,36,48,99,810,40,220,5,5,20,p,p
G,111,112,1920,1080,p,2750,830,1125,45,53.946,47.952,148.352,638,44,148,4,5,36,p,p
G,111,112,1920,1080,p,2750,830,1125,45,54,48,148.5,638,44,148,4,5,36,p,p
G,113,,2560,1080,p,3750,1190,1100,20,52.747,47.952,197.802,998,44,148,4,5,11,p,p
G,113,,2560,1080,p,3750,1190,1100,20,52.8,48,198,998,44,148,4,5,11,p,p
G,114,116,3840,2160,p,5500,1660,2250,90,107.892,47.952,593.407,1276,88,296,8,10,72,p,p
G,114,116,3840,2160,p,5500,1660,2250,90,108,48,594,1276,88,296,8,10,72,p,p
G,115,,4096,2160,p,5500,1404,2250,90,107.892,47.952,593.407,1020,88,296,8,10,72,p,p
G,115,,4096,2160,p,5500,1404,2250,90,108,48,594,1020,88,296,8,10,72,p,p
G,117,119,3840,2160,p,5280,1440,2250,90,225,100,1188,1056,88,296,8,10,72,p,p
G,118,120,3840,2160,p,4400,560,2250,90,269.730,119.880,1186.813,176,88,296,8,10,72,p,p
G,118,120,3840,2160,p,4400,560,2250,90,270,120,1188,176,88,296,8,10,72,p,p
G,121,,5120,2160,p,7500,2380,2200,40,52.747,23.976,395.604,1996,88,296,8,10,22,p,p
G,121,,5120,2160,p,7500,2380,2200,40,52.8,24,396,1996,88,296,8,10,22,p,p
G,122,,5120,2160,p,7200,2080,2200,40,55,25,396,1696,88,296,8,10,22,p,p
G,123,,5120,2160,p,6000,880,2200,40,65.934,29.970,395.604,664,88,128,8,10,22,p,p
G,123,,5120,2160,p,6000,880,2200,40,66,30,396,664,88,128,8,10,22,p,p
G,124,,5120,2160,p,6250,1130,2475,315,118.681,47.952,741.758,746,88,296,8,10,297,p,p
G,124,,5120,2160,p,6250,1130,2475,315,118.8,48,742.5,746,88,296,8,10,297,p,p
G,125,,5120,2160,p,6600,1480,2250,90,112.5,50,742.5,1096,88,296,8,10,72,p,p
G,126,,5120,2160,p,5500,380,2250,90,134.865,59.940,741.758,164,88,128,8,10,72,p,p
G,126,,5120,2160,p,5500,380,2250,90,135,60,742.5,164,88,128,8,10,72,p,p
G,127,,5120,2160,p,6600,1480,2250,90,225,100,1485,1096,88,296,8,10,72,p,p
G,193,,5120,2160,p,5500,380,2250,90,269.730,119.880,1483.516,164,88,128,8,10,72,p,p
G,193,,5120,2160,p,5500,380,2250,90,270,120,1485,164,88,128,8,10,72,p,p
G,194,202,7680,4320,p,11000,3320,4500,180,107.892,23.976,1186.813,2552,176,592,16,20,144,p,p
G,194,202,7680,4320,p,11000,3320,4500,180,108,24,1188,2552,176,592,16,20,144,p,p
G,195,203,7680,4320,p,10800,3120,4400,80,110,25,1188,2352,176,592,16,20,44,p,p
G,196,204,7680,4320,p,9000,1320,4400,80,131.868,29.970,1186.813,552,176,592,16,20,44,p,p
G,196,204,7680,4320,p,9000,1320,4400,80,132,30,1188,552,176,592,16,20,44,p,p
G,197,205,7680,4320,p,11000,3320,4500,180,215.784,47.952,2373.626,2552,176,592,16,20,144,p,p
G,197,205,7680,4320,p,11000,3320,4500,180,216,48,2376,2552,176,592,16,20,144,p,p
G,198,206,7680,4320,p,10800,3120,4400,80,220,50,2376,2352,176,592,16,20,44,p,p
G,199,207,7680,4320,p,9000,1320,4400,80,263.736,59.940,2373.626,552,176,592,16,20,44,p,p
G,199,207,7680,4320,p,9000,1320,4400,80,264,60,2376,552,176,592,16,20,44,p,p
G,200,208,7680,4320,p,10560,2880,4500,180,450,100,4752,2112,176,592,16,20,144,p,p
G,201,209,7680,4320,p,8800,1120,4500,180,449.550,119.880,4747.253,352,176,592,16,20,144,p,p
G,201,209,7680,4320,p,8800,1120,4500,180,450,120,4752,352,176,592,16,20,144,p,p
G,210,,10240,4320,p,12500,2260,4950,630,118.681,23.976,1483.516,1492,176,592,16,20,594,p,p
G,210,,10240,4320,p,12500,2260,4950,630,118.8,24,1485,1492,176,592,16,20,594,p,p
G,211,,10240,4320,p,13500,3260,4400,80,110,25,1485,2492,176,592,16,20,44,p,p
G,212,,10240,4320,p,11000,760,4500,180,134.865,29.970,1483.516,288,176,296,16,20,144,p,p
G,212,,10240,4320,p,11000,760,4500,180,135,30,1485,288,176,296,16,20,144,p,p
G,213,,10240,4320,p,12500,2260,4950,630,237.363,47.952,0.000,1492,176,592,16,20,594,p,p
G,213,,10240,4320,p,12500,2260,4950,630,237.6,48,,1492,176,592,16,20,594,p,p
G,214,,10240,4320,p,13500,3260,4400,80,220,50,2970,2492,176,592,16,20,44,p,p
G,215,,10240,4320,p,11000,760,4500,180,269.730,59.940,2967.033,288,176,296,16,20,144,p,p
G,215,,10240,4320,p,11000,760,4500,180,270,60,2970,288,176,296,16,20,144,p,p
G,216,,10240,4320,p,13200,2960,4500,180,450,100,5940,2192,176,592,16,20,144,p,p
G,217,,10240,4320,p,11000,760,4500,180,539.461,119.880,5934.066,288,176,296,16,20,144,p,p
G,217,,10240,4320,p,11000,760,4500,180,540,120,5940,288,176,296,16,20,144,p,p
G,218,,4096,2160,p,5280,1184,2250,90,225,100,1188,800,88,296,8,10,72,p,p
G,219,,4096,2160,p,4400,304,2250,90,269.730,119.880,1186.813,88,88,128,8,10,72,p,p
G,219,,4096,2160,p,4400,304,2250,90,270,120,1188,88,88,128,8,10,72,p,p